19 18
00 00 00 00 00 20 10 10 00 00 00 00 00 00 00 00 00 00 
00 00 00 00 00 20 10 20 00 10 04 00 00 00 00 00 00 00 
00 00 00 00 30 30 20 10 10 10 30 20 10 00 00 00 00 00 
00 00 00 30 10 10 20 20 20 10 10 10 30 10 00 00 00 00 
00 00 00 00 30 10 20 10 10 10 10 10 10 10 20 00 20 00 
00 00 00 20 00 20 10 10 20 10 10 20 10 30 10 30 30 10 
00 00 00 10 30 20 20 30 20 10 30 10 10 20 10 30 20 20 
00 00 20 10 10 20 10 30 10 20 20 20 10 10 10 20 10 10 
00 10 30 30 10 30 10 20 20 20 30 10 20 20 10 20 20 10 
00 20 20 20 10 20 20 10 10 01 10 03 10 10 10 20 10 30 
00 00 20 10 10 10 10 30 10 10 30 20 10 10 20 10 10 30 
00 10 10 10 20 10 30 10 20 20 30 20 10 10 10 10 30 10 
00 20 30 10 05 30 10 10 30 30 20 30 10 20 20 20 20 10 
00 00 20 20 20 20 30 10 30 10 10 10 10 10 10 20 00 00 
00 00 10 30 10 10 10 30 10 10 10 10 20 20 10 20 00 00 
00 00 00 06 10 30 10 20 20 20 10 10 10 02 10 20 00 00 
00 00 00 10 10 00 10 30 20 30 20 10 10 20 20 00 00 00 
00 00 00 00 00 00 00 20 10 10 20 00 00 20 30 00 00 00 
00 00 00 00 00 00 00 00 00 20 00 00 00 00 00 00 00 00 
p1 1 10
p2 2 23
p3 3 54
p4 4 12
p5 5 10
p6 6 0
